<polygon class="Hokkaido" onclick = "" fill = "white" points=""/>

1008 1083

<polygon id="Hokkaido" onclick = "Hokkaido()" style = "fill: white" points="344,0,351,7,366,10,373,23,380,39,382,51,382,63,380,77,371,81,371,89,364,98,359,112,357,127,359,137,362,151,364,160,371,165,378,167,384,165,392,170,396,169,404,154,426,146,436,137,432,128,436,104,448,103,458,95,463,87,468,77,480,78,478,90,480,96,485,90,499,87,521,98,522,101,538,96,551,83,560,80,560,78,555,68,544,63,532,59,519,50,515,39,492,18,483,4,464,9,449,5,444,0"/>
                        <polygon class="Hokkaido" onclick = "Hokkaido()" style = "fill: white" points="837,0,863,8,869,17,892,29,902,46,911,52,911,44,913,38,916,29,922,23,922,12,924,0"/>
                        <polygon class="Hokkaido" onclick = "Hokkaido()" style = "fill: white" points="473,127,445,168,444,177,455,179,466,174,486,136,485,125"/>
                        <polygon class="Aomori" onclick = "Aomori()" style = "fill: white" points="517,140,525,148,539,151,546,156,554,164,562,173,574,180,583,180,594,178,608,163,607,174,601,195,599,207,595,223,596,233,598,255,595,265,596,279,598,298,603,326,605,342,612,353,617,361,624,364,632,370,640,379,646,385,639,392,630,393,628,401,618,406,609,401,598,406,589,410,582,403,562,416,548,420,548,426,541,430,534,434,526,433,521,429,522,411,528,406,526,388,510,389,510,372,503,371,494,383,489,387,471,393,464,389,453,393,449,387,437,384,432,380,420,380,414,388,382,389,373,381,362,389,350,388,350,366,349,353,336,352,344,340,353,334,359,324,368,314,379,317,387,315,404,306,412,280,416,253,411,238,402,234,403,230,414,229,418,218,418,205,437,216,457,210,469,221,469,259,473,282,478,293,489,298,499,294,505,282,510,260,521,265,526,269,527,275,544,283,548,291,557,287,569,264,569,246,578,223,566,201,555,198,554,207,541,219,527,218,512,224,498,234,491,227,489,212,494,191"/>
                        <polygon class="Akita" onclick = "Akita()" style = "fill: white" points="338,679,357,682,368,677,373,678,373,686,389,695,420,701,434,709,439,723,455,731,466,731,476,725,482,718,493,713,490,706,496,691,487,683,493,664,490,650,482,645,473,614,475,605,481,600,481,591,487,581,495,573,500,563,500,555,495,548,496,541,503,531,491,519,498,512,505,516,508,510,505,496,504,469,510,459,509,443,522,430,522,412,527,408,526,390,510,390,508,375,503,373,493,386,471,395,464,391,453,395,448,389,435,386,432,380,420,382,413,390,381,391,373,384,363,391,350,391,358,400,363,409,363,425,358,444,349,476,338,489,325,494,317,491,311,486,311,499,317,516,332,516,338,508,349,510,361,518,366,535,370,550,367,577,364,604,355,640,344,645"/>
                        <polygon class="Iwate" onclick = "Iwate()" style = "fill: white" points="646,385,640,390,630,392,628,401,619,406,610,399,590,408,582,403,564,415,549,419,549,426,536,433,526,435,521,431,510,442,509,460,504,468,505,494,509,508,505,513,500,511,491,517,503,529,496,540,496,549,500,554,499,563,495,573,487,580,482,589,482,596,473,613,478,626,482,643,489,648,493,660,491,668,486,681,496,689,491,705,494,712,503,713,507,717,521,722,528,731,553,730,551,745,559,751,566,756,576,753,587,745,599,751,608,733,612,714,613,705,617,704,624,707,628,707,636,709,637,701,645,704,648,718,653,714,655,705,653,692,660,699,673,699,669,691,677,689,668,685,667,678,680,682,683,681,673,671,683,669,686,664,677,659,688,655,691,653,681,648,688,644,682,637,694,635,699,628,685,631,694,621,691,620,696,612,703,613,709,600,704,598,696,605,694,599,703,595,712,584,706,579,704,562,692,573,697,543,697,520,688,498,694,497,687,483,673,471,672,458,680,453,672,444,664,442,669,435,672,435,663,412"/>
                        <polygon class="Yamagata" onclick = "Yamagata()" style = "fill: white" points="338,680,357,682,367,676,373,680,372,686,390,695,421,701,434,710,439,723,454,731,453,735,460,745,462,749,467,756,463,764,464,777,460,783,450,782,454,790,455,799,285,799,297,773,309,759,318,753,331,709,338,691"/>
                        <polygon class="Miyagi" onclick = "Miyagi()" style = "fill: white" points="457,799,455,788,450,782,459,782,464,778,462,764,469,755,454,733,466,731,477,726,482,719,493,714,503,714,510,719,521,724,528,732,537,732,551,731,553,736,550,745,567,758,586,745,599,750,609,733,613,708,617,704,624,708,630,708,637,710,644,732,637,727,637,736,628,730,631,741,623,746,617,751,623,760,624,768,614,771,604,777,608,781,617,782,619,787,612,794,607,796,609,799"/>
                        <g transform="translate(0.000000,800.000000) scale(0.100000,-0.100000)" fill="#000000">
                            <path d="M5043 4290 c-12 -5 -39 -33 -61 -62 -56 -75 -80 -95 -142 -117 -30 -10 -69 -25 -87 -32 -28 -11 -36 -10 -77 12 l-46 24 -46 -25 -46 -24 -27 31 c-17 20 -43 35 -74 43 -27 7 -65 24 -85 38 -24 17 -56 27 -90 30 -51 4 -54 3 -91 -37 l-38 -41 -134 -10 c-154 -12 -183 -8 -224 30 -53 49 -71 48 -120 -6 l-44 -47 -63 6 c-39 3 -55 2 -43 -3 11 -5 43 -9 71 -9 47 -1 53 2 83 39 39 49 64 51 107 9 41 -39 77 -44 249 -31 108 8 132 13 142 29 38 57 40 58 96 58 42 0 62 -6 93 -27 21 -15 60 -32 87 -39 33 -8 54 -20 68 -40 24 -34 51 -37 86 -9 14 11 33 20 43 20 10 0 29 -9 43 -20 31 -25 67 -25 115 -1 20 10 50 21 66 25 44 11 79 39 135 111 43 55 56 65 82 65 26 0 30 -3 24 -17 -5 -14 -4 -15 6 -6 10 10 9 15 -1 28 -14 17 -25 18 -57 5z"/>
                            <path d="M6417 4111 c-20 -15 -54 -31 -76 -35 -41 -6 -61 -27 -61 -64 0 -24 -37 -59 -72 -67 -21 -6 -35 -1 -59 19 -37 31 -53 32 -102 6 -20 -11 -45 -20 -56 -20 -10 0 -29 -8 -42 -18 -44 -34 -58 -34 -88 -1 l-29 31 -68 -40 c-38 -21 -85 -49 -105 -61 -21 -12 -68 -29 -105 -39 -63 -16 -71 -20 -87 -54 -20 -40 -96 -102 -138 -113 -15 -4 -41 0 -61 8 -40 17 -48 43 -48 155 0 63 1 66 55 111 13 10 16 23 11 50 -3 20 -6 55 -6 79 0 52 -21 63 -96 53 l-49 -6 65 -5 65 -5 1 -40 c0 -22 3 -54 8 -71 7 -30 -11 -64 -33 -64 -19 0 -32 -59 -30 -139 l2 -86 -33 -25 c-100 -77 -95 -68 -95 -177 0 -93 -2 -102 -28 -136 l-28 -37 6 -133 c4 -85 14 -157 27 -203 30 -107 26 -115 -58 -98 -24 5 -36 0 -62 -24 -18 -17 -32 -36 -32 -42 0 -7 25 -36 55 -64 l55 -51 -31 -46 c-41 -64 -47 -107 -20 -162 12 -24 21 -63 21 -88 0 -56 -39 -140 -77 -167 -36 -26 -78 -101 -97 -176 -9 -33 -28 -72 -45 -92 -53 -60 -53 -114 0 -289 31 -101 35 -107 120 -179 28 -23 32 -120 9 -210 -12 -43 -20 -95 -18 -114 3 -30 8 -37 38 -47 19 -6 37 -20 38 -29 2 -10 -9 -46 -24 -79 -17 -39 -28 -80 -28 -112 -1 -48 -2 -50 -41 -69 -22 -10 -68 -44 -102 -76 -47 -45 -72 -60 -112 -70 -49 -12 -56 -11 -134 21 -93 37 -131 70 -147 128 -23 88 -114 139 -300 171 -107 18 -140 28 -230 73 l-105 52 -3 40 c-6 70 -32 81 -105 43 -34 -18 -57 -21 -126 -20 -46 1 -92 4 -102 7 -11 4 -19 2 -19 -3 0 -13 169 -24 205 -13 17 5 45 17 64 27 44 22 66 10 67 -39 1 -20 6 -43 13 -51 6 -7 58 -34 114 -60 78 -34 135 -51 233 -70 190 -35 250 -70 285 -165 25 -71 47 -93 114 -115 61 -20 85 -35 68 -43 -21 -8 -15 -33 21 -76 18 -23 37 -53 41 -67 4 -14 21 -41 36 -61 34 -44 35 -48 9 -96 -15 -28 -20 -57 -20 -109 0 -86 -18 -110 -71 -99 -42 9 -52 -8 -32 -54 9 -20 19 -56 23 -81 l7 -45 1 45 c1 25 -5 56 -13 70 -26 45 -20 59 23 53 58 -8 77 19 74 105 -2 55 2 76 21 112 27 51 25 63 -13 105 -15 17 -30 41 -33 55 -4 14 -23 47 -43 72 -20 26 -33 51 -30 56 3 5 33 12 66 15 69 6 125 35 184 96 22 22 63 52 93 66 61 30 92 28 143 -10 18 -14 64 -36 102 -51 46 -17 82 -40 107 -65 42 -44 60 -47 181 -35 59 6 79 4 95 -7 18 -14 19 -19 8 -72 -15 -72 -3 -100 63 -144 69 -45 115 -43 178 9 26 22 65 45 86 51 34 10 43 9 75 -10 20 -11 45 -21 55 -21 43 0 97 124 130 299 27 145 36 165 69 156 15 -3 47 -10 73 -15 25 -5 60 -16 77 -24 16 -9 36 -16 43 -16 26 1 -66 42 -116 51 -28 6 -63 12 -78 16 -38 7 -52 -21 -81 -167 -28 -142 -58 -229 -92 -268 l-24 -27 -40 23 c-22 12 -49 22 -61 22 -33 0 -81 -24 -128 -64 -53 -44 -88 -46 -148 -11 -62 37 -86 74 -74 116 15 51 12 84 -9 103 -17 15 -32 17 -126 10 l-106 -7 -42 41 c-25 23 -69 51 -107 66 -35 15 -81 38 -102 52 -20 14 -55 28 -77 31 -41 6 -41 6 -41 50 0 27 10 63 26 94 35 70 30 109 -16 124 -44 15 -48 37 -21 140 35 132 23 211 -38 252 -19 13 -40 31 -46 41 -26 37 -78 228 -79 288 -1 57 2 64 35 101 25 28 39 55 44 84 10 61 56 147 100 189 75 70 97 179 54 267 -25 51 -20 81 22 147 16 26 29 51 29 55 0 5 -22 28 -50 51 -27 23 -50 50 -50 60 0 27 49 63 75 55 51 -16 67 -17 76 -4 13 21 11 58 -10 124 -11 37 -21 110 -25 192 l-7 132 31 34 c29 34 30 36 27 132 l-2 97 55 48 c30 27 59 50 64 50 5 0 18 -8 29 -17 12 -12 35 -18 66 -18 39 0 55 7 101 42 30 23 61 57 70 75 13 28 24 35 90 54 44 12 109 42 159 72 46 29 89 52 94 52 5 0 21 -12 34 -26 27 -29 58 -27 101 7 14 10 35 19 48 19 12 0 25 4 29 9 3 5 21 15 40 21 32 11 38 9 66 -14 17 -14 41 -26 53 -26 37 0 89 41 97 76 9 45 14 50 64 63 25 6 60 25 78 41 41 38 31 39 -16 1z"/>
                        </g>

onclick = "Yamagata()" class = "Yamagata" style = 

<polygon class = "Yamagata" points="284,-1,284,4,302,12,309,14,312,19,312,29,314,38,321,42,334,47,340,54,341,63,336,70,327,76,321,77,313,77,307,82,307,95,304,101,308,109,302,115,300,129,297,141,303,152,309,152,317,159,302,173,297,188,285,197,290,225,276,225,263,225,257,233,227,242,226,248,231,261,227,271,221,279,222,291,232,298,231,346,222,340,209,323,200,335,183,342,185,356,175,360,177,369,171,374,162,374,161,385,154,388,147,385,139,390,136,383,139,371,136,364,129,360,122,351,117,330,107,329,92,333,81,348,72,353,70,365,67,366,58,364,52,367,39,366,33,374,25,372,22,367,25,356,-2,353,-1,323,19,312,37,298,54,298,69,292,86,274,103,260,115,255,131,227,142,215,153,189,159,169,165,157,181,147,212,129,245,110,259,88,266,63,268,36"/>
                        <polygon class="" points="455,-1,455,8,464,22,449,44,448,52,441,63,440,84,431,101,431,105,421,109,407,110,407,128,404,155,409,163,403,172,394,174,386,174,376,177,370,170,359,170,352,161,341,161,335,160,329,163,321,157,316,160,309,152,304,152,298,141,302,115,309,109,304,101,307,95,308,83,312,78,323,77,335,72,341,64,341,55,334,46,314,38,312,17,282,4,285,-1"/>
                        <polygon class="" points="612,0,621,8,619,14,612,10,617,24,607,27,608,31,619,35,613,40,621,45,619,61,607,52,610,49,601,45,604,37,598,35,594,38,591,35,581,32,566,36,557,42,559,51,548,49,544,51,545,58,536,64,526,77,519,97,516,119,517,142,509,143,505,151,505,160,496,166,481,164,475,157,478,147,472,142,455,141,440,141,437,129,428,129,417,132,409,127,408,111,421,110,431,105,431,99,440,86,441,63,449,51,448,45,464,22,457,9,455,0"/>
                        <polygon class="" points="518,143,521,152,528,159,531,175,531,193,534,209,537,227,537,238,536,256,534,273,531,296,531,308,525,317,526,329,525,340,512,351,500,356,494,364,482,361,476,357,468,357,459,347,455,353,458,360,440,376,422,365,416,356,411,349,403,348,402,330,396,329,389,316,375,308,355,302,340,302,330,310,326,315,265,344,256,353,245,351,231,349,232,296,221,289,221,280,227,270,231,260,226,250,227,243,258,234,262,228,289,227,284,200,297,189,302,175,314,161,322,159,330,163,336,160,340,163,352,161,358,172,371,172,376,178,385,178,386,175,399,175,411,164,404,155,405,138,408,128,416,132,432,129,439,141,469,142,477,147,475,159,478,164,494,166,505,160,505,152,510,143"/>
                        <polygon class="" points="403,349,412,349,420,365,439,376,459,361,455,355,459,347,467,357,477,357,482,361,495,365,496,370,490,375,486,381,482,402,475,417,466,442,463,449,466,452,464,456,466,463,460,486,455,490,458,516,469,544,472,550,477,552,481,567,490,582,504,599,499,600,484,588,477,576,467,575,463,566,446,556,443,563,437,562,432,564,423,564,417,571,407,572,402,575,394,575,387,577,379,570,371,571,364,563,357,562,348,556,340,549,339,544,327,531,326,526,318,529,308,515,308,503,318,503,331,493,334,480,343,481,350,472,367,466,381,461,393,458,396,447,404,436,402,429,402,416,399,402,408,394,404,384"/>
                        <polygon class="" points="-1,355,25,356,20,369,28,375,39,367,52,369,58,365,70,367,72,355,81,351,92,333,115,330,120,351,134,362,138,372,134,383,136,390,121,397,111,397,108,403,110,408,99,411,95,422,89,438,89,452,102,461,112,460,124,457,131,461,131,481,124,488,127,502,127,511,121,511,129,518,130,541,142,550,147,558,144,564,136,566,136,571,124,570,122,561,107,562,99,567,95,554,83,553,69,572,63,571,54,582,51,588,61,595,54,600,53,607,58,618,53,631,47,632,45,646,48,653,47,658,42,659,45,668,47,673,35,682,29,681,24,687,15,692,7,699,-2,699"/>
                        <polygon class="" points="209,325,226,347,231,347,232,351,256,355,252,365,258,374,250,383,253,393,245,406,250,415,254,417,268,419,271,424,263,436,263,445,256,457,253,467,261,475,265,483,275,488,297,490,302,502,295,506,289,502,280,504,268,504,252,494,240,494,227,493,216,486,211,488,207,498,199,507,200,512,195,518,191,517,188,521,183,522,180,529,170,529,159,539,151,538,142,549,131,540,130,520,121,512,127,511,127,502,125,489,131,484,131,461,124,456,103,460,90,452,89,438,94,426,99,412,111,408,112,399,122,398,136,392,148,387,161,387,162,375,172,374,177,370,176,361,185,357,185,343,200,337">
                        <polygon class="" points="254,365,256,353,263,344,326,316,331,311,340,303,354,303,375,310,389,317,395,329,402,332,402,348,403,384,407,393,398,402,402,415,402,430,403,436,394,447,393,458,377,461,350,472,343,481,334,480,330,490,320,502,308,503,303,500,297,489,272,486,265,481,261,474,253,467,257,452,263,447,262,436,273,422,268,417,254,417,247,406,254,393,250,384,258,374"/>
                        <polygon class="" points="-1,704,8,700,15,692,24,691,29,685,35,685,48,675,43,660,49,658,49,653,45,645,49,641,48,634,52,631,57,620,62,623,60,632,65,641,65,655,63,671,62,677,67,690,80,687,88,710,95,717,103,717,112,710,110,700,107,691,111,685,112,673,118,662,125,671,133,672,138,680,189,671,194,687,186,699,188,709,195,719,197,722,208,724,202,741,207,746,207,758,216,763,212,780,204,785,199,799,148,799,147,777,154,771,148,763,151,749,156,746,170,749,167,739,159,730,147,726,130,728,116,732,112,742,110,751,106,758,97,764,85,768,77,777,77,787,71,799,-1,799"/>
                        <polygon class="" points="63,571,53,586,61,595,53,603,53,609,58,618,63,623,61,632,65,643,65,669,62,677,67,689,80,686,89,709,97,716,103,716,110,709,107,692,111,685,110,673,117,662,126,671,134,671,139,680,175,671,180,659,194,655,197,649,208,646,213,631,211,621,211,613,200,609,188,596,185,584,181,577,171,577,165,573,156,572,153,567,144,566,136,566,136,571,125,571,122,561,107,562,99,567,94,556,84,553,70,572"/>
                        <polygon class="" points="142,564,147,558,141,550,149,539,157,540,169,529,179,530,183,522,187,521,193,518,198,513,196,507,205,499,209,489,214,486,223,494,239,495,248,495,263,504,278,506,287,503,292,506,298,502,308,502,307,512,313,524,320,529,326,538,330,549,335,558,340,566,343,573,339,589,327,586,316,585,315,589,299,588,294,594,282,594,282,588,268,594,256,593,250,586,245,589,241,580,221,579,217,575,200,571,194,568,188,571,181,572,180,579,171,576,167,573,158,573,152,567"/>
                        <polygon class="" points="181,573,189,572,194,570,203,573,216,575,221,580,240,580,244,589,250,589,253,594,266,595,282,588,281,594,294,594,299,589,314,589,320,586,341,590,339,598,344,609,339,613,339,625,331,623,321,620,316,623,316,628,327,640,316,641,311,643,303,630,282,621,276,626,266,626,272,631,272,636,273,641,271,648,254,630,238,627,231,628,225,617,221,621,220,616,200,609,188,596"/>
                        <polygon class="" points="209,723,197,722,195,717,190,709,186,699,195,687,190,669,176,673,181,659,193,657,198,650,208,646,213,630,212,613,220,617,221,622,226,620,231,631,236,628,253,630,270,649,273,640,272,630,266,626,276,627,281,622,302,630,309,643,327,641,321,649,303,655,299,684,304,694,311,699,317,700,312,709,304,712,303,723,294,722,293,712,288,696,271,687,244,689,224,699,215,705,215,716,220,727"/>
                        <polygon class="" points="322,527,325,526,326,531,338,544,339,550,355,563,364,566,370,571,379,571,386,579,395,576,402,576,407,572,418,572,423,564,432,564,437,562,443,564,445,557,462,566,466,576,476,577,484,590,498,600,505,599,508,602,505,611,499,607,484,611,482,608,467,612,452,623,439,639,430,658,426,672,428,698,430,707,425,716,417,716,414,723,396,731,387,727,379,731,376,740,364,745,355,755,354,764,349,771,332,773,330,765,320,762,318,758,330,758,334,753,336,749,331,745,329,737,334,735,329,731,332,724,327,716,336,707,334,694,325,690,329,687,332,676,343,676,345,663,353,662,355,657,363,654,372,637,376,634,370,622,359,616,348,616,348,623,340,625,340,613,346,608,340,596,343,588,344,573,336,558"/>